18 01 43 14 00 
3B 02 30 F2 00 00     // __MSRIBBONCMD_GENNAME_cmdFontControl62000
3B 02 5C F3 00 00     // __MSRIBBONCMD_GENNAME_cmdFontControl62300
3B 09 04 
3B 02 B4 F5 00 00     // __MSRIBBONCMD_GENNAME_cmdFontControl62900
3B 02 18 F6 00 00     // __MSRIBBONCMD_GENNAME_cmdFontControl63000
3B 09 05 
3B 09 06 
3B 09 04 
3B 02 C0 F3 00 00     // __MSRIBBONCMD_GENNAME_cmdFontControl62400
3B 02 94 F2 00 00     // __MSRIBBONCMD_GENNAME_cmdFontControl62100
3B 02 F8 F2 00 00     // __MSRIBBONCMD_GENNAME_cmdFontControl62200
3B 02 88 F4 00 00     // __MSRIBBONCMD_GENNAME_cmdFontControl62600
3B 02 50 F5 00 00     // __MSRIBBONCMD_GENNAME_cmdFontControl62800
3B 02 EC F4 00 00     // __MSRIBBONCMD_GENNAME_cmdFontControl62700
3B 09 05 
3B 09 04 
3B 02 E0 F6 00 00     // __MSRIBBONCMD_GENNAME_cmdFontControl63200
3B 02 7C F6 00 00     // __MSRIBBONCMD_GENNAME_cmdFontControl63100
3B 09 05 
3B 09 06 

18 01 44 15 00 3B 02 30 F2 00 00 3B 09 06 3B 09 04 3B 02 E0 F6 00 00 3B 02 7C F6 00 00 3B 09 05 3B 02 5C F3 00 00 3B 09 04 3B 02 B4 F5 00 00 3B 02 18 F6 00 00 3B 09 05 3B 09 06 3B 09 04 3B 02 C0 F3 00 00 3B 02 94 F2 00 00 3B 02 F8 F2 00 00 3B 02 88 F4 00 00 3B 02 50 F5 00 00 3B 02 EC F4 00 00 3B 09 05 3B 09 06 16 00 07 00 10 3C 03 04 01 01 3D 04 02 01 01 00 03 34 53 01 01 44 03 56 04 18 01 3E 01 00 16 00 26 00 10 1E 03 05 01 01 41 04 0A 18 01 3E 09 00 16 00 0F 00 10 16 00 02 01 04 09 00 80 40 05 00 01 01 00 03 35 53 16 00 0F 00 10 16 00 02 01 04 09 00 80 40 05 00 01 01 00 03 36 53 16 00 15 00 10 60 00 0F 01 01 46 04 04 01 04 60 00 00 46 05 01 01 04 09 00 80 40 05 00 01 01 44 04 00 01 01 4E 04 05 01 01 57 04 4C 01 01 58 04 4C 01 04 26 00 C0 41 05 01 01 01 4C 04 03 01 01 49 04 00 01 01 4D 04 03 01 01 47 04 02 01 04 A0 00 80 49 05 00 01 01 00 03 38 53 18 01 56 00 00 16 00 14 00 10 AD 00 03 01 04 09 00 80 40 05 00 01 01 00 03 3D 53 18 01 3E 02 00 16 00 18 00 10 6A 00 02 01 01 41 2B 02 18 01 3E 04 00 16 00 06 00 10 16 00 02 01 04 3F 00 00 44 05 01 01 01 00 03 3E 53 16 00 06 00 10 16 00 02 01 04 3F 00 00 44 05 01 01 01 00 03 3F 53 16 00 06 00 10 16 00 02 01 04 3F 00 00 44 05 01 01 01 00 03 40 53 16 00 06 00 10 16 00 02 01 04 3F 00 00 44 05 01 01 01 00 03 41 53 16 00 18 00 10 28 00 02 01 01 41 2B 02 18 01 3E 01 00 16 00 06 00 10 16 00 02 01 04 3F 00 00 44 05 01 01 01 00 03 42 53 16 00 06 00 10 16 00 02 01 04 09 00 80 40 05 00 01 01 00 03 39 53 16 00 06 00 10 16 00 02 01 04 09 00 80 40 05 00 01 01 00 03 3A 53 16 00 06 00 10 16 00 02 01 04 09 00 80 40 05 00 01 01 00 03 3B 53 16 00 06 00 10 16 00 02 01 04 09 00 80 40 05 00 01 01 00 03 43 53 16 00 0F 00 10 16 00 02 01 04 09 00 80 40 05 00 01 01 00 03 3C 53 18 01 43 23 00 3B 09 04 3B 03 35 53 3B 03 36 53 3B 09 05 3B 09 04 3B 09 05 3B 09 04 3B 09 07 3B 09 08 3B 09 05 3B 09 04 3B 03 38 53 3B 09 05 3B 09 04 3B 03 3D 53 3B 09 05 3B 09 04 3B 09 05 3B 09 06 3B 09 04 3B 09 07 3B 03 39 53 3B 03 3A 53 3B 03 3B 53 3B 09 08 3B 03 43 53 3B 09 05 3B 09 04 3B 03 3C 53 3B 09 05 3B 09 04 3B 09 05 3B 09 06 3B 09 09 3B 09 06 18 01 44 24 00 3B 09 04 3B 03 35 53 3B 03 36 53 3B 09 05 3B 09 04 3B 09 05 3B 09 06 3B 09 04 3B 09 07 3B 03 39 53 3B 03 3A 53 3B 03 3B 53 3B 09 08 3B 03 43 53 3B 09 05 3B 09 04 3B 03 3C 53 3B 09 05 3B 09 06 3B 09 04 3B 09 07 3B 09 08 3B 09 05 3B 09 04 3B 09 05 3B 09 04 3B 03 38 53 3B 09 05 3B 09 04 3B 03 3D 53 3B 09 05 3B