16 00 18 00 10 90 00 02 01 01 41 2B 01 
18 01 3E 09 00 
16 00 0F 00 10 0E 00 01 01 01 00 03 21 35 
16 00 0F 00 10 0E 00 01 01 01 00 03 21 35 
16 00 0F 00 10 0E 00 01 01 01 00 03 21 35 
16 00 0F 00 10 0E 00 01 01 01 00 03 21 35 
16 00 0F 00 10 0E 00 01 01 01 00 03 21 35 
16 00 0F 00 10 0E 00 01 01 01 00 03 21 35 
16 00 0F 00 10 0E 00 01 01 01 00 03 21 35 
16 00 0F 00 10 0E 00 01 01 01 00 03 21 35 
16 00 0F 00 10 0E 00 01 01 01 00 03 21 35

MajorItems
                                             NA ME M  G
16 00 18 00 10 34 00 03 01 01 41 2B 01 01 01 00 03 4D 47 
18 01 3E 02 00 
16 00 0F 00 10 0E 00 01 01 01 00 03 21 45 
16 00 0F 00 10 0E 00 01 01 01 00 03 21 35


StandardItems
16 00 18 00 10 34 00 03 01 01 41 2B 02 01 01 00 03 4D 47 
18 01 3E 02 00 
16 00 0F 00 10 0E 00 01 01 01 00 03 21 45 
16 00 0F 00 10 0E 00 01 01 01 00 03 21 35