Z 16 00 24 00 10 9B 02 04 01 01 0B 09 00 
  18 01 00 01 00 
  16 00 13 00 10 2A 00 06 01 01 00 03 21 46 01 04 44 00 80 44 05 01 01 01 0B 04 00 3E 82 04 00 00 3E 47 05 00 00 3E 4E 05 00 00
X 16 00 25 00 10 47 02 02 01 01 00 03 21 51 
  18 01 42 01 00 
W 16 00 14 00 10 34 02 04 01 01 00 02 8C FE 00 00 01 04 09 00 80 40 05 00 01 04 44 00 80 44 05 01 
  18 01 3E 03 00 
V 16 00 18 00 10 A9 01 03 01 01 00 02 94 FE 00 00 01 01 41 2B 02 
  18 01 3E 13 00 
  16 00 06 00 10 15 00 02 01 01 00 02 95 FE 00 00 01 01 0B 04 00 
  16 00 06 00 10 15 00 02 01 01 00 02 95 FE 00 00 01 01 0B 04 01 
  16 00 06 00 10 15 00 02 01 01 00 02 95 FE 00 00 01 01 0B 04 02 
  16 00 06 00 10 15 00 02 01 01 00 02 95 FE 00 00 01 01 0B 04 03 
  16 00 06 00 10 15 00 02 01 01 00 02 95 FE 00 00 01 01 0B 04 04 
  16 00 06 00 10 15 00 02 01 01 00 02 95 FE 00 00 01 01 0B 04 05 
  16 00 06 00 10 15 00 02 01 01 00 02 95 FE 00 00 01 01 0B 04 06 
  16 00 06 00 10 15 00 02 01 01 00 02 95 FE 00 00 01 01 0B 04 07 
  16 00 06 00 10 15 00 02 01 01 00 02 95 FE 00 00 01 01 0B 04 08 
  16 00 06 00 10 15 00 02 01 01 00 02 95 FE 00 00 01 01 0B 04 09 
  16 00 06 00 10 15 00 02 01 01 00 02 95 FE 00 00 01 01 0B 04 0A 
  16 00 06 00 10 15 00 02 01 01 00 02 95 FE 00 00 01 01 0B 04 0B 
  16 00 06 00 10 15 00 02 01 01 00 02 95 FE 00 00 01 01 0B 04 0D 
  16 00 06 00 10 15 00 02 01 01 00 02 95 FE 00 00 01 01 0B 04 0E 
  16 00 06 00 10 15 00 02 01 01 00 02 95 FE 00 00 01 01 0B 04 0F 
  16 00 06 00 10 15 00 02 01 01 00 02 95 FE 00 00 01 01 0B 04 10 
  16 00 06 00 10 15 00 02 01 01 00 02 95 FE 00 00 01 01 0B 04 11 
  16 00 06 00 10 15 00 02 01 01 00 02 95 FE 00 00 01 01 0B 04 12 
  16 00 06 00 10 15 00 02 01 01 00 02 95 FE 00 00 01 01 0B 04 13 V 
U 16 00 18 00 10 3C 00 02 01 01 41 2B 02 
  18 01 3E 02 00 
  16 00 0F 00 10 15 00 02 01 01 00 02 81 FE 00 00 01 01 0B 04 00 
  16 00 0F 00 10 15 00 02 01 01 00 02 80 FE 00 00 01 01 33 04 00 U
T 16 00 18 00 10 2A 00 02 01 01 41 2B 02 
  18 01 3E 01 00 
  16 00 06 00 10 18 00 02 01 01 00 02 98 FE 00 00 01 04 3F 00 00 44 05 01 TWX

  18 01 02 01 00 
  16 00 1A 00 10 13 00 02 01 01 00 03 21 54 3E 55 05 00 00 Z